0.300000 3.050000 4.380900e-05
0.305000 3.050000 4.247738e-05
0.310000 3.050000 4.798384e-05
0.315000 3.050000 4.397503e-05
0.320000 3.050000 4.494156e-05
0.325000 3.050000 4.597483e-05
0.330000 3.050000 4.848977e-05
0.335000 3.050000 5.287887e-05
0.340000 3.050000 5.496666e-05
0.345000 3.050000 5.562576e-05
0.350000 3.050000 5.481354e-05
0.355000 3.050000 5.152159e-05
0.360000 3.050000 4.713249e-05
0.365000 3.050000 4.455773e-05
0.370000 3.050000 4.186719e-05
0.375000 3.050000 3.890996e-05
0.380000 3.050000 3.679822e-05
0.385000 3.050000 3.552562e-05
0.390000 3.050000 3.377881e-05
0.395000 3.050000 3.311909e-05
0.400000 3.050000 3.264949e-05
0.405000 3.050000 3.305761e-05
0.410000 3.050000 3.144865e-05
0.415000 3.050000 3.117767e-05
0.420000 3.050000 3.152825e-05
0.425000 3.050000 3.155196e-05
0.430000 3.050000 3.144993e-05
0.435000 3.050000 3.179069e-05
0.440000 3.050000 3.243478e-05
0.445000 3.050000 3.306283e-05
0.450000 3.050000 3.418637e-05
0.455000 3.050000 3.518256e-05
0.460000 3.050000 3.618033e-05
0.465000 3.050000 3.717760e-05
0.470000 3.050000 3.801420e-05
0.475000 3.050000 3.899827e-05
0.480000 3.050000 3.970695e-05
0.485000 3.050000 4.042549e-05
0.490000 3.050000 4.094577e-05
0.495000 3.050000 4.192847e-05
0.500000 3.050000 4.253285e-05
0.505000 3.050000 4.329013e-05
0.510000 3.050000 4.360653e-05
0.515000 3.050000 4.392121e-05
0.520000 3.050000 4.442354e-05
0.525000 3.050000 4.416840e-05
0.530000 3.050000 4.406480e-05
0.535000 3.050000 4.381449e-05
0.540000 3.050000 4.349556e-05
0.545000 3.050000 4.307628e-05
0.550000 3.050000 4.332970e-05
0.555000 3.050000 4.319354e-05
0.560000 3.050000 4.344180e-05
0.565000 3.050000 4.323344e-05
0.570000 3.050000 4.282231e-05
0.575000 3.050000 4.185828e-05
0.580000 3.050000 4.055984e-05
0.585000 3.050000 3.832054e-05
0.590000 3.050000 3.627733e-05
0.595000 3.050000 3.426083e-05
0.600000 3.050000 3.274606e-05
0.605000 3.050000 3.118822e-05
0.610000 3.050000 3.009072e-05
0.615000 3.050000 2.923829e-05
0.620000 3.050000 2.893328e-05
0.625000 3.050000 2.847022e-05
0.630000 3.050000 2.846303e-05
0.635000 3.050000 2.822303e-05
0.640000 3.050000 2.805589e-05
0.645000 3.050000 2.766533e-05
0.650000 3.050000 2.758761e-05
0.655000 3.050000 2.712295e-05
0.660000 3.050000 2.671824e-05
0.665000 3.050000 2.638587e-05
0.670000 3.050000 2.573186e-05
0.675000 3.050000 2.515964e-05
0.680000 3.050000 2.458975e-05
0.685000 3.050000 2.372850e-05
0.690000 3.050000 2.305225e-05
0.695000 3.050000 2.220687e-05
0.700000 3.050000 2.135016e-05
0.705000 3.050000 2.038127e-05
0.710000 3.050000 1.970583e-05
0.715000 3.050000 1.891655e-05
0.720000 3.050000 1.836630e-05
0.725000 3.050000 1.784278e-05
0.730000 3.050000 1.737323e-05
0.735000 3.050000 1.712492e-05
0.740000 3.050000 1.699294e-05
0.745000 3.050000 1.703159e-05
0.750000 3.050000 1.727075e-05
0.755000 3.050000 1.758107e-05
0.760000 3.050000 1.792626e-05
0.765000 3.050000 1.850358e-05
0.770000 3.050000 1.907790e-05
0.775000 3.050000 1.991389e-05
0.780000 3.050000 2.074096e-05
0.785000 3.050000 2.145798e-05
0.790000 3.050000 2.211288e-05
0.795000 3.050000 2.316662e-05
0.800000 3.050000 2.401289e-05
0.805000 3.050000 2.477856e-05
0.810000 3.050000 2.548218e-05
0.815000 3.050000 2.635875e-05
0.820000 3.050000 2.715770e-05
0.825000 3.050000 2.767490e-05
0.830000 3.050000 2.845002e-05
0.835000 3.050000 2.890753e-05
0.840000 3.050000 2.959726e-05
0.845000 3.050000 3.012624e-05
0.850000 3.050000 3.050184e-05
0.855000 3.050000 3.099127e-05
0.860000 3.050000 3.141359e-05
0.865000 3.050000 3.139090e-05
0.870000 3.050000 3.153501e-05
0.875000 3.050000 3.165997e-05
0.880000 3.050000 3.170929e-05
0.885000 3.050000 3.140386e-05
0.890000 3.050000 3.099277e-05
0.895000 3.050000 3.074986e-05
0.900000 3.050000 3.065181e-05
0.905000 3.050000 2.966160e-05
0.910000 3.050000 2.919424e-05
0.915000 3.050000 2.853842e-05
0.920000 3.050000 2.783648e-05
0.925000 3.050000 2.695486e-05
0.930000 3.050000 2.613489e-05
0.935000 3.050000 2.503097e-05
0.940000 3.050000 2.415364e-05
0.945000 3.050000 2.320507e-05
0.950000 3.050000 2.210949e-05
0.955000 3.050000 2.096090e-05
0.960000 3.050000 2.001573e-05
0.965000 3.050000 1.894056e-05
0.970000 3.050000 1.794878e-05
0.975000 3.050000 1.691646e-05
0.980000 3.050000 1.585302e-05
0.985000 3.050000 1.497381e-05
0.990000 3.050000 1.419060e-05
0.995000 3.050000 1.337414e-05
1.000000 3.050000 1.267515e-05
1.005000 3.050000 1.196402e-05
1.010000 3.050000 1.137806e-05
1.015000 3.050000 1.086477e-05
1.020000 3.050000 1.039827e-05
1.025000 3.050000 9.975522e-06
1.030000 3.050000 9.619386e-06
1.035000 3.050000 9.269204e-06
1.040000 3.050000 8.980628e-06
1.045000 3.050000 8.707898e-06
1.050000 3.050000 8.456509e-06
1.055000 3.050000 8.213523e-06
1.060000 3.050000 8.008284e-06
1.065000 3.050000 7.822064e-06
1.070000 3.050000 7.619464e-06
1.075000 3.050000 7.469934e-06
1.080000 3.050000 7.303647e-06
1.085000 3.050000 7.115514e-06
1.090000 3.050000 6.967689e-06
1.095000 3.050000 6.831402e-06
1.100000 3.050000 6.684268e-06
1.105000 3.050000 6.537594e-06
1.110000 3.050000 6.418609e-06
1.115000 3.050000 6.337932e-06
1.120000 3.050000 6.267907e-06
1.125000 3.050000 6.137886e-06
1.130000 3.050000 5.975718e-06
1.135000 3.050000 5.910539e-06
1.140000 3.050000 5.738248e-06
1.145000 3.050000 5.688638e-06
1.150000 3.050000 5.580348e-06
1.155000 3.050000 5.482574e-06
1.160000 3.050000 5.374183e-06
1.165000 3.050000 5.318243e-06
1.170000 3.050000 5.251561e-06
1.175000 3.050000 5.221320e-06
1.180000 3.050000 5.159320e-06
1.185000 3.050000 5.139050e-06
1.190000 3.050000 5.118510e-06
1.195000 3.050000 5.097716e-06
1.200000 3.050000 5.082045e-06
1.205000 3.050000 5.082004e-06
1.210000 3.050000 5.071207e-06
1.215000 3.050000 5.076162e-06
1.220000 3.050000 5.081000e-06
1.225000 3.050000 5.096420e-06
1.230000 3.050000 5.111857e-06
1.235000 3.050000 5.121847e-06
1.240000 3.050000 5.120894e-06
1.245000 3.050000 5.125237e-06
1.250000 3.050000 5.129464e-06
1.255000 3.050000 5.155467e-06
1.260000 3.050000 5.159523e-06
1.265000 3.050000 5.174470e-06
1.270000 3.050000 5.189362e-06
1.275000 3.050000 5.226488e-06
1.280000 3.050000 5.258162e-06
1.285000 3.050000 5.267487e-06
1.290000 3.050000 5.265504e-06
1.295000 3.050000 5.263377e-06
1.300000 3.050000 5.266747e-06
1.305000 3.050000 5.247378e-06
1.310000 3.050000 5.261802e-06
1.315000 3.050000 5.253427e-06
1.320000 3.050000 5.279088e-06
1.325000 3.050000 5.287606e-06
1.330000 3.050000 5.319077e-06
1.335000 3.050000 5.350656e-06
1.340000 3.050000 5.370684e-06
1.345000 3.050000 5.390688e-06
1.350000 3.050000 5.434161e-06
1.355000 3.050000 5.489530e-06
1.360000 3.050000 5.468516e-06
1.365000 3.050000 5.459075e-06
1.370000 3.050000 5.449461e-06
1.375000 3.050000 5.469339e-06
1.380000 3.050000 5.477299e-06
1.385000 3.050000 5.443436e-06
1.390000 3.050000 5.498952e-06
1.395000 3.050000 5.488703e-06
1.400000 3.050000 5.514410e-06
1.405000 3.050000 5.534132e-06
1.410000 3.050000 5.553832e-06
1.415000 3.050000 5.567426e-06
1.420000 3.050000 5.580968e-06
1.425000 3.050000 5.600579e-06
1.430000 3.050000 5.595638e-06
1.435000 3.050000 5.627585e-06
1.440000 3.050000 5.628623e-06
1.445000 3.050000 5.641969e-06
1.450000 3.050000 5.667714e-06
1.455000 3.050000 5.705979e-06
1.460000 3.050000 5.706760e-06
1.465000 3.050000 5.713732e-06
1.470000 3.050000 5.701671e-06
1.475000 3.050000 5.740102e-06
1.480000 3.050000 5.753212e-06
1.485000 3.050000 5.798087e-06
1.490000 3.050000 5.811230e-06
1.495000 3.050000 5.811482e-06
1.500000 3.050000 5.805184e-06
1.505000 3.050000 5.843937e-06
1.510000 3.050000 5.863348e-06
1.515000 3.050000 5.876254e-06
1.520000 3.050000 5.908658e-06
1.525000 3.050000 5.901929e-06
1.530000 3.050000 5.947573e-06
1.535000 3.050000 5.993319e-06
1.540000 3.050000 5.986413e-06
1.545000 3.050000 5.972757e-06
1.550000 3.050000 5.965557e-06
1.555000 3.050000 5.978137e-06
1.560000 3.050000 5.977360e-06
1.565000 3.050000 5.989813e-06
1.570000 3.050000 6.008947e-06
1.575000 3.050000 6.068509e-06
1.580000 3.050000 6.081000e-06
1.585000 3.050000 6.113798e-06
1.590000 3.050000 6.160352e-06
1.595000 3.050000 6.172879e-06
1.600000 3.050000 6.185359e-06
1.605000 3.050000 6.204669e-06
1.610000 3.050000 6.196432e-06
1.615000 3.050000 6.236456e-06
1.620000 3.050000 6.228031e-06
1.625000 3.050000 6.261162e-06
1.630000 3.050000 6.294337e-06
1.635000 3.050000 6.292658e-06
1.640000 3.050000 6.325964e-06
1.645000 3.050000 6.331179e-06
1.650000 3.050000 6.343373e-06
1.655000 3.050000 6.376737e-06
1.660000 3.050000 6.467152e-06
1.665000 3.050000 6.500882e-06
1.670000 3.050000 6.491745e-06
1.675000 3.050000 6.496805e-06
1.680000 3.050000 6.516222e-06
1.685000 3.050000 6.513952e-06
1.690000 3.050000 6.540547e-06
1.695000 3.050000 6.523605e-06
1.700000 3.050000 6.564684e-06
1.705000 3.050000 6.583970e-06
1.710000 3.050000 6.566722e-06
1.715000 3.050000 6.563944e-06
1.720000 3.050000 6.531723e-06
1.725000 3.050000 6.594812e-06
1.730000 3.050000 6.606546e-06
1.735000 3.050000 6.618256e-06
1.740000 3.050000 6.629921e-06
1.745000 3.050000 6.641539e-06
1.750000 3.050000 6.660568e-06
1.755000 3.050000 6.664636e-06
1.760000 3.050000 6.676116e-06
1.765000 3.050000 6.695053e-06
1.770000 3.050000 6.691422e-06
1.775000 3.050000 6.717892e-06
1.780000 3.050000 6.721673e-06
1.785000 3.050000 6.717783e-06
1.790000 3.050000 6.744229e-06
1.795000 3.050000 6.747813e-06
1.800000 3.050000 6.751321e-06
1.805000 3.050000 6.747098e-06
1.810000 3.050000 6.773454e-06
1.815000 3.050000 6.769080e-06
1.820000 3.050000 6.764601e-06
1.825000 3.050000 6.814091e-06
1.830000 3.050000 6.848309e-06
1.835000 3.050000 6.843676e-06
1.840000 3.050000 6.862321e-06
1.845000 3.050000 6.888761e-06
1.850000 3.050000 6.860445e-06
1.855000 3.050000 6.863291e-06
1.860000 3.050000 6.826789e-06
1.865000 3.050000 6.892371e-06
1.870000 3.050000 6.847728e-06
1.875000 3.050000 6.810730e-06
1.880000 3.050000 6.892238e-06
1.885000 3.050000 6.918536e-06
1.890000 3.050000 6.920948e-06
1.895000 3.050000 6.931279e-06
1.900000 3.050000 6.933557e-06
1.905000 3.050000 6.911690e-06
1.910000 3.050000 6.945930e-06
1.915000 3.050000 6.956055e-06
1.920000 3.050000 6.941929e-06
1.925000 3.050000 6.943838e-06
1.930000 3.050000 6.953772e-06
1.935000 3.050000 6.947434e-06
1.940000 3.050000 6.940992e-06
1.945000 3.050000 6.934447e-06
1.950000 3.050000 6.935958e-06
1.955000 3.050000 6.953746e-06
1.960000 3.050000 6.938760e-06
1.965000 3.050000 6.940051e-06
1.970000 3.050000 6.941269e-06
1.975000 3.050000 6.925943e-06
1.980000 3.050000 6.943488e-06
1.985000 3.050000 6.936221e-06
1.990000 3.050000 6.945415e-06
1.995000 3.050000 6.946270e-06
2.000000 3.050000 6.938740e-06
2.005000 3.050000 6.939435e-06
2.010000 3.050000 6.948399e-06
2.015000 3.050000 6.932250e-06
2.020000 3.050000 6.941085e-06
2.025000 3.050000 6.941490e-06
2.030000 3.050000 6.916615e-06
2.035000 3.050000 6.916831e-06
2.040000 3.050000 6.925409e-06
2.045000 3.050000 6.933945e-06
2.050000 3.050000 6.933976e-06
2.055000 3.050000 6.942414e-06
2.060000 3.050000 6.950810e-06
2.065000 3.050000 6.967675e-06
2.070000 3.050000 6.967481e-06
2.075000 3.050000 6.950135e-06
2.080000 3.050000 6.958322e-06
2.085000 3.050000 6.966468e-06
2.090000 3.050000 6.957403e-06
2.095000 3.050000 6.956837e-06
2.100000 3.050000 6.964815e-06
2.105000 3.050000 6.972753e-06
2.110000 3.050000 6.963357e-06
2.115000 3.050000 6.962522e-06
2.120000 3.050000 6.952940e-06
2.125000 3.050000 6.943256e-06
2.130000 3.050000 6.933471e-06
2.135000 3.050000 6.941029e-06
2.140000 3.050000 6.966023e-06
2.145000 3.050000 6.999789e-06
2.150000 3.050000 7.016130e-06
2.155000 3.050000 7.023646e-06
2.160000 3.050000 7.031123e-06
2.165000 3.050000 7.029714e-06
2.170000 3.050000 7.037095e-06
2.175000 3.050000 7.035560e-06
2.180000 3.050000 7.051737e-06
2.185000 3.050000 7.041186e-06
2.190000 3.050000 7.030534e-06
2.195000 3.050000 7.028718e-06
2.200000 3.050000 7.044736e-06
2.205000 3.050000 7.042810e-06
2.210000 3.050000 7.040814e-06
2.215000 3.050000 7.047746e-06
2.220000 3.050000 7.063652e-06
2.225000 3.050000 7.061492e-06
2.230000 3.050000 7.059263e-06
2.235000 3.050000 7.047904e-06
2.240000 3.050000 7.063668e-06
2.245000 3.050000 7.052155e-06
2.250000 3.050000 7.031438e-06
2.255000 3.050000 7.010589e-06
2.260000 3.050000 7.007881e-06
2.265000 3.050000 7.014253e-06
2.270000 3.050000 6.983980e-06
2.275000 3.050000 6.990192e-06
2.280000 3.050000 6.978036e-06
2.285000 3.050000 6.965781e-06
2.290000 3.050000 6.962621e-06
2.295000 3.050000 6.968602e-06
2.300000 3.050000 6.965320e-06
2.305000 3.050000 6.961968e-06
2.310000 3.050000 6.958548e-06
2.315000 3.050000 6.973601e-06
2.320000 3.050000 6.988647e-06
2.325000 3.050000 6.994383e-06
2.330000 3.050000 6.981447e-06
2.335000 3.050000 6.987076e-06
2.340000 3.050000 6.992668e-06
2.345000 3.050000 7.026399e-06
2.350000 3.050000 7.031979e-06
2.355000 3.050000 7.028095e-06
2.360000 3.050000 7.033583e-06
2.365000 3.050000 7.039034e-06
2.370000 3.050000 7.025504e-06
2.375000 3.050000 7.021362e-06
2.380000 3.050000 7.017151e-06
2.385000 3.050000 7.031905e-06
2.390000 3.050000 7.027588e-06
2.395000 3.050000 7.013655e-06
2.400000 3.050000 7.018749e-06
2.405000 3.050000 7.004649e-06
2.410000 3.050000 7.009636e-06
2.415000 3.050000 7.053020e-06
2.420000 3.050000 7.029122e-06
2.425000 3.050000 6.995471e-06
2.430000 3.050000 7.077483e-06
2.435000 3.050000 7.082359e-06
2.440000 3.050000 7.029088e-06
2.445000 3.050000 7.082300e-06
2.450000 3.050000 7.077333e-06
2.455000 3.050000 7.033375e-06
2.460000 3.050000 7.057450e-06
2.465000 3.050000 7.062026e-06
2.470000 3.050000 7.135115e-06
2.475000 3.050000 6.973232e-06
2.480000 3.050000 7.065724e-06
2.485000 3.050000 7.089781e-06
2.490000 3.050000 7.104038e-06
2.495000 3.050000 7.049289e-06
2.500000 3.050000 7.093019e-06
2.505000 3.050000 7.097298e-06
2.510000 3.050000 7.101546e-06
2.515000 3.050000 7.155495e-06
2.520000 3.050000 7.080126e-06
2.525000 3.050000 7.213902e-06
2.530000 3.050000 7.398906e-06
2.535000 3.050000 7.212375e-06
2.540000 3.050000 7.216560e-06
2.545000 3.050000 6.970198e-06
2.550000 3.050000 6.784483e-06
2.555000 3.050000 6.847634e-06
2.560000 3.050000 6.434185e-06
2.565000 3.050000 5.976024e-06
2.570000 3.050000 6.046256e-06
2.575000 3.050000 5.940752e-06
2.580000 3.050000 5.942516e-06
2.585000 3.050000 5.449044e-06
2.590000 3.050000 5.556260e-06
2.595000 3.050000 5.489448e-06
2.600000 3.050000 5.616599e-06
