0.300000 0.379038
0.305000 0.382938
0.310000 0.374437
0.315000 0.382738
0.320000 0.382238
0.325000 0.381638
0.330000 0.378538
0.335000 0.372937
0.340000 0.371137
0.345000 0.371337
0.350000 0.373537
0.355000 0.379538
0.360000 0.388239
0.365000 0.394539
0.370000 0.401740
0.375000 0.410441
0.380000 0.417742
0.385000 0.423042
0.390000 0.430243
0.395000 0.434043
0.400000 0.437244
0.405000 0.437244
0.410000 0.444844
0.415000 0.447445
0.420000 0.447545
0.425000 0.448945
0.430000 0.450845
0.435000 0.450945
0.440000 0.449845
0.445000 0.448845
0.450000 0.446045
0.455000 0.443844
0.460000 0.441744
0.465000 0.439744
0.470000 0.438344
0.475000 0.436544
0.480000 0.435644
0.485000 0.434743
0.490000 0.434443
0.495000 0.432843
0.500000 0.432343
0.505000 0.431443
0.510000 0.431743
0.515000 0.432043
0.520000 0.431843
0.525000 0.433643
0.530000 0.435044
0.535000 0.436844
0.540000 0.438844
0.545000 0.441144
0.550000 0.441544
0.555000 0.443044
0.560000 0.443444
0.565000 0.445145
0.570000 0.447445
0.575000 0.451445
0.580000 0.456646
0.585000 0.465347
0.590000 0.474047
0.595000 0.483348
0.600000 0.491149
0.605000 0.499650
0.610000 0.506351
0.615000 0.512051
0.620000 0.514951
0.625000 0.518752
0.630000 0.520052
0.635000 0.522652
0.640000 0.524852
0.645000 0.528353
0.650000 0.530053
0.655000 0.534053
0.660000 0.537754
0.665000 0.541054
0.670000 0.546455
0.675000 0.551455
0.680000 0.556556
0.685000 0.563856
0.690000 0.570057
0.695000 0.577758
0.700000 0.585859
0.705000 0.595260
0.710000 0.602460
0.715000 0.610961
0.720000 0.617462
0.725000 0.623862
0.730000 0.629863
0.735000 0.633663
0.740000 0.636264
0.745000 0.637064
0.750000 0.635764
0.755000 0.633763
0.760000 0.631463
0.765000 0.626963
0.770000 0.622662
0.775000 0.616162
0.780000 0.610061
0.785000 0.605161
0.790000 0.600960
0.795000 0.593859
0.800000 0.588659
0.805000 0.584258
0.810000 0.580458
0.815000 0.575658
0.820000 0.571557
0.825000 0.569357
0.830000 0.565657
0.835000 0.563956
0.840000 0.560956
0.845000 0.558956
0.850000 0.557856
0.855000 0.556156
0.860000 0.554855
0.865000 0.555956
0.870000 0.556156
0.875000 0.556456
0.880000 0.557156
0.885000 0.559756
0.890000 0.562956
0.895000 0.565257
0.900000 0.566757
0.905000 0.573357
0.910000 0.577058
0.915000 0.581958
0.920000 0.587259
0.925000 0.593859
0.930000 0.600260
0.935000 0.608861
0.940000 0.616162
0.945000 0.624262
0.950000 0.633863
0.955000 0.644364
0.960000 0.653565
0.965000 0.664366
0.970000 0.674867
0.975000 0.686269
0.980000 0.698570
0.985000 0.709371
0.990000 0.719472
0.995000 0.730373
1.000000 0.740174
1.005000 0.750475
1.010000 0.759376
1.015000 0.767477
1.020000 0.775078
1.025000 0.782178
1.030000 0.788379
1.035000 0.794579
1.040000 0.799880
1.045000 0.804980
1.050000 0.809781
1.055000 0.814481
1.060000 0.818582
1.065000 0.822382
1.070000 0.826483
1.075000 0.829683
1.080000 0.833183
1.085000 0.837084
1.090000 0.840284
1.095000 0.843284
1.100000 0.846485
1.105000 0.849685
1.110000 0.852385
1.115000 0.854385
1.120000 0.856186
1.125000 0.859086
1.130000 0.862586
1.135000 0.864286
1.140000 0.867987
1.145000 0.869387
1.150000 0.871887
1.155000 0.874187
1.160000 0.876688
1.165000 0.878188
1.170000 0.879888
1.175000 0.880888
1.180000 0.882488
1.185000 0.883288
1.190000 0.884088
1.195000 0.884888
1.200000 0.885589
1.205000 0.885989
1.210000 0.886589
1.215000 0.886889
1.220000 0.887189
1.225000 0.887289
1.230000 0.887389
1.235000 0.887589
1.240000 0.887989
1.245000 0.888289
1.250000 0.888589
1.255000 0.888489
1.260000 0.888789
1.265000 0.888889
1.270000 0.888989
1.275000 0.888689
1.280000 0.888489
1.285000 0.888689
1.290000 0.889089
1.295000 0.889489
1.300000 0.889789
1.305000 0.890489
1.310000 0.890589
1.315000 0.891089
1.320000 0.890989
1.325000 0.891189
1.330000 0.890989
1.335000 0.890789
1.340000 0.890789
1.345000 0.890789
1.350000 0.890389
1.355000 0.889789
1.360000 0.890489
1.365000 0.890989
1.370000 0.891489
1.375000 0.891489
1.380000 0.891689
1.385000 0.892589
1.390000 0.891989
1.395000 0.892489
1.400000 0.892389
1.405000 0.892389
1.410000 0.892389
1.415000 0.892489
1.420000 0.892589
1.425000 0.892589
1.430000 0.892989
1.435000 0.892789
1.440000 0.893089
1.445000 0.893189
1.450000 0.893089
1.455000 0.892789
1.460000 0.893089
1.465000 0.893289
1.470000 0.893789
1.475000 0.893489
1.480000 0.893589
1.485000 0.893189
1.490000 0.893289
1.495000 0.893589
1.500000 0.893989
1.505000 0.893689
1.510000 0.893689
1.515000 0.893789
1.520000 0.893589
1.525000 0.893989
1.530000 0.893589
1.535000 0.893189
1.540000 0.893589
1.545000 0.894089
1.550000 0.894489
1.555000 0.894589
1.560000 0.894889
1.565000 0.894989
1.570000 0.894989
1.575000 0.894389
1.580000 0.894489
1.585000 0.894289
1.590000 0.893889
1.595000 0.893989
1.600000 0.894089
1.605000 0.894089
1.610000 0.894489
1.615000 0.894189
1.620000 0.894589
1.625000 0.894389
1.630000 0.894189
1.635000 0.894489
1.640000 0.894289
1.645000 0.894489
1.650000 0.894589
1.655000 0.894389
1.660000 0.893389
1.665000 0.893189
1.670000 0.893589
1.675000 0.893789
1.680000 0.893789
1.685000 0.894089
1.690000 0.893989
1.695000 0.894489
1.700000 0.894189
1.705000 0.894189
1.710000 0.894689
1.715000 0.894989
1.720000 0.895690
1.725000 0.895090
1.730000 0.895190
1.735000 0.895290
1.740000 0.895390
1.745000 0.895490
1.750000 0.895490
1.755000 0.895690
1.760000 0.895790
1.765000 0.895790
1.770000 0.896090
1.775000 0.895990
1.780000 0.896190
1.785000 0.896490
1.790000 0.896390
1.795000 0.896590
1.800000 0.896790
1.805000 0.897090
1.810000 0.896990
1.815000 0.897290
1.820000 0.897590
1.825000 0.897190
1.830000 0.896990
1.835000 0.897290
1.840000 0.897290
1.845000 0.897190
1.850000 0.897790
1.855000 0.897990
1.860000 0.898690
1.865000 0.898090
1.870000 0.898890
1.875000 0.899590
1.880000 0.898790
1.885000 0.898690
1.890000 0.898890
1.895000 0.898990
1.900000 0.899190
1.905000 0.899690
1.910000 0.899490
1.915000 0.899590
1.920000 0.899990
1.925000 0.900190
1.930000 0.900290
1.935000 0.900590
1.940000 0.900890
1.945000 0.901190
1.950000 0.901390
1.955000 0.901390
1.960000 0.901790
1.965000 0.901990
1.970000 0.902190
1.975000 0.902590
1.980000 0.902590
1.985000 0.902890
1.990000 0.902990
1.995000 0.903190
2.000000 0.903490
2.005000 0.903690
2.010000 0.903790
2.015000 0.904190
2.020000 0.904290
2.025000 0.904490
2.030000 0.904990
2.035000 0.905191
2.040000 0.905291
2.045000 0.905391
2.050000 0.905591
2.055000 0.905691
2.060000 0.905791
2.065000 0.905791
2.070000 0.905991
2.075000 0.906391
2.080000 0.906491
2.085000 0.906591
2.090000 0.906891
2.095000 0.907091
2.100000 0.907191
2.105000 0.907291
2.110000 0.907591
2.115000 0.907791
2.120000 0.908091
2.125000 0.908391
2.130000 0.908691
2.135000 0.908791
2.140000 0.908691
2.145000 0.908491
2.150000 0.908491
2.155000 0.908591
2.160000 0.908691
2.165000 0.908891
2.170000 0.908991
2.175000 0.909191
2.180000 0.909191
2.185000 0.909491
2.190000 0.909791
2.195000 0.909991
2.200000 0.909991
2.205000 0.910191
2.210000 0.910391
2.215000 0.910491
2.220000 0.910491
2.225000 0.910691
2.230000 0.910891
2.235000 0.911191
2.240000 0.911191
2.245000 0.911491
2.250000 0.911891
2.255000 0.912291
2.260000 0.912491
2.265000 0.912591
2.270000 0.913091
2.275000 0.913191
2.280000 0.913491
2.285000 0.913791
2.290000 0.913991
2.295000 0.914091
2.300000 0.914291
2.305000 0.914491
2.310000 0.914691
2.315000 0.914691
2.320000 0.914691
2.325000 0.914791
2.330000 0.915092
2.335000 0.915192
2.340000 0.915292
2.345000 0.915092
2.350000 0.915192
2.355000 0.915392
2.360000 0.915492
2.365000 0.915592
2.370000 0.915892
2.375000 0.916092
2.380000 0.916292
2.385000 0.916292
2.390000 0.916492
2.395000 0.916792
2.400000 0.916892
2.405000 0.917192
2.410000 0.917292
2.415000 0.916992
2.420000 0.917392
2.425000 0.917892
2.430000 0.917192
2.435000 0.917292
2.440000 0.917992
2.445000 0.917592
2.450000 0.917792
2.455000 0.918392
2.460000 0.918292
2.465000 0.918392
2.470000 0.917792
2.475000 0.919592
2.480000 0.918792
2.485000 0.918692
2.490000 0.918692
2.495000 0.919392
2.500000 0.919092
2.505000 0.919192
2.510000 0.919292
2.515000 0.918892
2.520000 0.919792
2.525000 0.918592
2.530000 0.916892
2.535000 0.918892
2.540000 0.918992
2.545000 0.921592
2.550000 0.923592
2.555000 0.923092
2.560000 0.927393
2.565000 0.932193
2.570000 0.931593
2.575000 0.932793
2.580000 0.932893
2.585000 0.938094
2.590000 0.937094
2.595000 0.937894
2.600000 0.936694
