  0.300000  0.069140
  0.305000  0.070110
  0.310000  0.067970
  0.315000  0.070060
  0.320000  0.069930
  0.325000  0.069770
  0.330000  0.069000
  0.335000  0.067610
  0.340000  0.067150
  0.345000  0.067200
  0.350000  0.067750
  0.355000  0.069260
  0.360000  0.071460
  0.365000  0.073080
  0.370000  0.074960
  0.375000  0.077280
  0.380000  0.079230
  0.385000  0.080700
  0.390000  0.082690
  0.395000  0.083750
  0.400000  0.084660
  0.405000  0.084660
  0.410000  0.086830
  0.415000  0.087600
  0.420000  0.087610
  0.425000  0.088040
  0.430000  0.088570
  0.435000  0.088600
  0.440000  0.088280
  0.445000  0.088000
  0.450000  0.087200
  0.455000  0.086550
  0.460000  0.085940
  0.465000  0.085380
  0.470000  0.084980
  0.475000  0.084450
  0.480000  0.084220
  0.485000  0.083950
  0.490000  0.083860
  0.495000  0.083420
  0.500000  0.083270
  0.505000  0.083020
  0.510000  0.083120
  0.515000  0.083200
  0.520000  0.083150
  0.525000  0.083640
  0.530000  0.084050
  0.535000  0.084550
  0.540000  0.085120
  0.545000  0.085760
  0.550000  0.085880
  0.555000  0.086320
  0.560000  0.086440
  0.565000  0.086920
  0.570000  0.087600
  0.575000  0.088750
  0.580000  0.090300
  0.585000  0.092890
  0.590000  0.095550
  0.595000  0.098480
  0.600000  0.100960
  0.605000  0.103740
  0.610000  0.105940
  0.615000  0.107860
  0.620000  0.108840
  0.625000  0.110150
  0.630000  0.110610
  0.635000  0.111520
  0.640000  0.112290
  0.645000  0.113510
  0.650000  0.114110
  0.655000  0.115530
  0.660000  0.116890
  0.665000  0.118070
  0.670000  0.120060
  0.675000  0.121920
  0.680000  0.123850
  0.685000  0.126660
  0.690000  0.129090
  0.695000  0.132180
  0.700000  0.135490
  0.705000  0.139420
  0.710000  0.142530
  0.715000  0.146290
  0.720000  0.149200
  0.725000  0.152120
  0.730000  0.154960
  0.735000  0.156750
  0.740000  0.158010
  0.745000  0.158380
  0.750000  0.157760
  0.755000  0.156780
  0.760000  0.155720
  0.765000  0.153590
  0.770000  0.151560
  0.775000  0.148610
  0.780000  0.145870
  0.785000  0.143720
  0.790000  0.141870
  0.795000  0.138860
  0.800000  0.136670
  0.805000  0.134850
  0.810000  0.133290
  0.815000  0.131340
  0.820000  0.129710
  0.825000  0.128830
  0.830000  0.127390
  0.835000  0.126690
  0.840000  0.125550
  0.845000  0.124760
  0.850000  0.124360
  0.855000  0.123700
  0.860000  0.123230
  0.865000  0.123640
  0.870000  0.123720
  0.875000  0.123840
  0.880000  0.124090
  0.885000  0.125100
  0.890000  0.126310
  0.895000  0.127230
  0.900000  0.127790
  0.905000  0.130430
  0.910000  0.131910
  0.915000  0.133880
  0.920000  0.136060
  0.925000  0.138830
  0.930000  0.141580
  0.935000  0.145340
  0.940000  0.148600
  0.945000  0.152320
  0.950000  0.156850
  0.955000  0.161940
  0.960000  0.166580
  0.965000  0.172200
  0.970000  0.177880
  0.975000  0.184240
  0.980000  0.191460
  0.985000  0.198050
  0.990000  0.204510
  0.995000  0.211770
  1.000000  0.218540
  1.005000  0.226000
  1.010000  0.232730
  1.015000  0.239110
  1.020000  0.245300
  1.025000  0.251230
  1.030000  0.256650
  1.035000  0.262260
  1.040000  0.267120
  1.045000  0.272000
  1.050000  0.276690
  1.055000  0.281420
  1.060000  0.285670
  1.065000  0.289640
  1.070000  0.294110
  1.075000  0.297640
  1.080000  0.301570
  1.085000  0.305970
  1.090000  0.309810
  1.095000  0.313380
  1.100000  0.317320
  1.105000  0.321240
  1.110000  0.324770
  1.115000  0.327260
  1.120000  0.329600
  1.125000  0.333480
  1.130000  0.338360
  1.135000  0.340600
  1.140000  0.345970
  1.145000  0.347880
  1.150000  0.351670
  1.155000  0.355030
  1.160000  0.358830
  1.165000  0.361160
  1.170000  0.363830
  1.175000  0.365400
  1.180000  0.367920
  1.185000  0.369160
  1.190000  0.370590
  1.195000  0.371790
  1.200000  0.372920
  1.205000  0.373700
  1.210000  0.374600
  1.215000  0.375160
  1.220000  0.375620
  1.225000  0.375750
  1.230000  0.376070
  1.235000  0.376410
  1.240000  0.376980
  1.245000  0.377570
  1.250000  0.378060
  1.255000  0.377880
  1.260000  0.378330
  1.265000  0.378510
  1.270000  0.378630
  1.275000  0.378200
  1.280000  0.377860
  1.285000  0.378200
  1.290000  0.378830
  1.295000  0.379560
  1.300000  0.380020
  1.305000  0.381340
  1.310000  0.381430
  1.315000  0.382230
  1.320000  0.382070
  1.325000  0.382400
  1.330000  0.382040
  1.335000  0.381860
  1.340000  0.381780
  1.345000  0.381830
  1.350000  0.381070
  1.355000  0.380070
  1.360000  0.381200
  1.365000  0.382110
  1.370000  0.382980
  1.375000  0.383030
  1.380000  0.383330
  1.385000  0.384950
  1.390000  0.383820
  1.395000  0.384810
  1.400000  0.384550
  1.405000  0.384560
  1.410000  0.384560
  1.415000  0.384750
  1.420000  0.384850
  1.425000  0.384920
  1.430000  0.385540
  1.435000  0.385300
  1.440000  0.385750
  1.445000  0.386050
  1.450000  0.385750
  1.455000  0.385280
  1.460000  0.385860
  1.465000  0.386150
  1.470000  0.386960
  1.475000  0.386480
  1.480000  0.386600
  1.485000  0.385980
  1.490000  0.386130
  1.495000  0.386680
  1.500000  0.387360
  1.505000  0.386890
  1.510000  0.386860
  1.515000  0.387080
  1.520000  0.386650
  1.525000  0.387350
  1.530000  0.386620
  1.535000  0.385910
  1.540000  0.386730
  1.545000  0.387520
  1.550000  0.388240
  1.555000  0.388490
  1.560000  0.389040
  1.565000  0.389210
  1.570000  0.389090
  1.575000  0.388170
  1.580000  0.388270
  1.585000  0.387920
  1.590000  0.387190
  1.595000  0.387300
  1.600000  0.387470
  1.605000  0.387480
  1.610000  0.388280
  1.615000  0.387780
  1.620000  0.388510
  1.625000  0.388080
  1.630000  0.387790
  1.635000  0.388240
  1.640000  0.387950
  1.645000  0.388200
  1.650000  0.388530
  1.655000  0.388010
  1.660000  0.386250
  1.665000  0.386000
  1.670000  0.386620
  1.675000  0.386970
  1.680000  0.386990
  1.685000  0.387490
  1.690000  0.387410
  1.695000  0.388260
  1.700000  0.387680
  1.705000  0.387740
  1.710000  0.388590
  1.715000  0.389120
  1.720000  0.390420
  1.725000  0.389260
  1.730000  0.389580
  1.735000  0.389770
  1.740000  0.389910
  1.745000  0.390030
  1.750000  0.390060
  1.755000  0.390420
  1.760000  0.390660
  1.765000  0.390660
  1.770000  0.391160
  1.775000  0.390910
  1.780000  0.391270
  1.785000  0.391910
  1.790000  0.391670
  1.795000  0.391960
  1.800000  0.392480
  1.805000  0.392880
  1.810000  0.392820
  1.815000  0.393290
  1.820000  0.393860
  1.825000  0.393120
  1.830000  0.392760
  1.835000  0.393410
  1.840000  0.393290
  1.845000  0.393150
  1.850000  0.394180
  1.855000  0.394600
  1.860000  0.395990
  1.865000  0.394730
  1.870000  0.396200
  1.875000  0.397530
  1.880000  0.396150
  1.885000  0.395880
  1.890000  0.396210
  1.895000  0.396420
  1.900000  0.396920
  1.905000  0.397820
  1.910000  0.397480
  1.915000  0.397650
  1.920000  0.398340
  1.925000  0.398670
  1.930000  0.398980
  1.935000  0.399510
  1.940000  0.399990
  1.945000  0.400570
  1.950000  0.400890
  1.955000  0.401060
  1.960000  0.401730
  1.965000  0.402020
  1.970000  0.402550
  1.975000  0.403210
  1.980000  0.403360
  1.985000  0.403820
  1.990000  0.404000
  1.995000  0.404490
  2.000000  0.404990
  2.005000  0.405440
  2.010000  0.405620
  2.015000  0.406360
  2.020000  0.406570
  2.025000  0.406950
  2.030000  0.407940
  2.035000  0.408330
  2.040000  0.408540
  2.045000  0.408750
  2.050000  0.409150
  2.055000  0.409220
  2.060000  0.409520
  2.065000  0.409460
  2.070000  0.409890
  2.075000  0.410720
  2.080000  0.410930
  2.085000  0.411200
  2.090000  0.411650
  2.095000  0.412050
  2.100000  0.412310
  2.105000  0.412470
  2.110000  0.413150
  2.115000  0.413570
  2.120000  0.414190
  2.125000  0.414740
  2.130000  0.415320
  2.135000  0.415460
  2.140000  0.415330
  2.145000  0.415010
  2.150000  0.414930
  2.155000  0.415120
  2.160000  0.415360
  2.165000  0.415810
  2.170000  0.415920
  2.175000  0.416400
  2.180000  0.416470
  2.185000  0.416920
  2.190000  0.417600
  2.195000  0.417970
  2.200000  0.418090
  2.205000  0.418490
  2.210000  0.418820
  2.215000  0.418950
  2.220000  0.419040
  2.225000  0.419550
  2.230000  0.419940
  2.235000  0.420430
  2.240000  0.420560
  2.245000  0.421160
  2.250000  0.422000
  2.255000  0.422830
  2.260000  0.423290
  2.265000  0.423560
  2.270000  0.424630
  2.275000  0.424670
  2.280000  0.425370
  2.285000  0.425940
  2.290000  0.426370
  2.295000  0.426590
  2.300000  0.427010
  2.305000  0.427640
  2.310000  0.427980
  2.315000  0.428000
  2.320000  0.428050
  2.325000  0.428240
  2.330000  0.428790
  2.335000  0.429090
  2.340000  0.429210
  2.345000  0.428890
  2.350000  0.429060
  2.355000  0.429500
  2.360000  0.429730
  2.365000  0.429960
  2.370000  0.430620
  2.375000  0.431100
  2.380000  0.431440
  2.385000  0.431520
  2.390000  0.432020
  2.395000  0.432530
  2.400000  0.432810
  2.405000  0.433440
  2.410000  0.433660
  2.415000  0.433020
  2.420000  0.433910
  2.425000  0.434940
  2.430000  0.433530
  2.435000  0.433600
  2.440000  0.435230
  2.445000  0.434420
  2.450000  0.434830
  2.455000  0.436200
  2.460000  0.435990
  2.465000  0.436240
  2.470000  0.434800
  2.475000  0.438870
  2.480000  0.437150
  2.485000  0.436850
  2.490000  0.436810
  2.495000  0.438350
  2.500000  0.437690
  2.505000  0.438030
  2.510000  0.438190
  2.515000  0.437260
  2.520000  0.439350
  2.525000  0.436660
  2.530000  0.432850
  2.535000  0.437340
  2.540000  0.437640
  2.545000  0.443500
  2.550000  0.448390
  2.555000  0.447000
  2.560000  0.457570
  2.565000  0.470010
  2.570000  0.468410
  2.575000  0.471680
  2.580000  0.471940
  2.585000  0.486250
  2.590000  0.483590
  2.595000  0.485710
  2.600000  0.482530
